usuarioGrupo6@gmail.com,123456,nenhum,todos,deNada,     ,19/04/2021,     ,     ,     ,     ,     ,     ,     ,nada,nada